scrap_3a_siberia_rub_tonn_train_cpt,scrap_hms_turkey_dollar_tonn_ship_cfr,scrap_3a_russia_moscow_rub_tonn_train_fca,scrap_3a_russia_ural_rub_tonn_ship_cpt,scrap_3a_south_rub_tonn_train_cpt,scrap_3a_russia_south_rub_tonn_auto_cpt,scrap_hms_rotterdam_dollar_tonn_ship_fob,scrap_3a_russia_central_rub_tonn_ship_fca,scrap_3a_russia_central_rub_tonn_ship_fca,scrap_3a_russia_ural_rub_tonn_auto_cpt,scrap_3a_russia_siberia_rub_tonn_train_fca,scrap_hms_usa_dollar_tonn_ship_fob,scrap_3a_central_rub_tonn_train_cpt,scrap_3a_russia_tatar_rub_tonn_fca,scrap_3a_russia_south_dollar_tonn_ship_fob,scrap_3a_russia_ural_rub_tonn_ship_fca,scrap_3a_russia_ural_rub_tonn_ship_fca,scrap_3a_russia_siberia_rub_tonn_ship_fca,scrap_3a_russia_north_rub_tonn_ship_fca,scrap_3a_russia_central_rub_tonn_auto_cpt,scrap_hms_uva_dollar_tonn_ship_cfr,scrap_b26_alloyed_russia_rub_tonn_ship_cpt,dt
10009,246,11870,11598,12344,,228,,,,,221,12728,11573,221,,,,,,248,,2015-02-09
10432,243,12088,11794,12271,,206,,,,,221,12852,11746,213,,,,,,248,,2015-02-16
11981,241,12503,12047,12645,,207,,,,,215,13034,11930,208,,,,,,248,,2015-02-23
11912,249,12439,12253,12696,,214,,,,,224,12910,12100,215,,,,,,248,,2015-03-02
12061,257,12020,12183,12916,,232,,,,,229,12964,11774,221,,,,,,248,,2015-03-09
11893,256,12093,12140,12883,,229,,,,,231,12812,11733,223,,,,,,248,,2015-03-16
11945,254,11763,12139,12753,,230,,,,,230,12694,11540,220,,,,,,253,,2015-03-23
11853,256,11719,12113,12521,,231,,,,,233,12569,11579,221,,,,,,254,,2015-03-30
11785,262,11250,12369,12395,,235,,,,,236,12421,11378,229,,,,,,258,,2015-04-06
11327,263,11327,12324,12220,,238,,,,,236,12146,11056,229,,,,,,258,,2015-04-13
11050,267,10555,12109,11830,,245,,,,,241,11716,10613,238,,,,,,258,,2015-04-20
11091,274,10066,11705,11083,,250,,,,,248,11035,10456,243,,,,,,258,,2015-04-27
11167,276,9758,10970,10714,,251,,,,,249,10865,9996,244,,,,,,258,,2015-05-04
11270,285,9432,10589,10558,,259,,,,,257,10463,9371,252,,,,,,260,,2015-05-11
10723,288,9386,10539,10269,,265,,,,,264,10454,9234,255,,,,,,265,,2015-05-18
9744,283,9290,10383,10042,,263,,,,,262,10315,8990,250,,,,,,265,,2015-05-25
9586,280,9299,10210,10075,,262,,,,,258,10333,8704,245,,,,,,265,,2015-06-01
9540,279,9318,10158,10485,,261,,,,,258,10268,8833,239,,,,,,265,,2015-06-08
8646,279,9319,10156,10468,,261,,,,,258,10225,8812,242,,,,,,270,,2015-06-15
8816,273,9334,10122,10488,,257,,,,,255,10232,8867,239,,,,,,270,,2015-06-22
8801,266,9432,10099,10482,,237,,,,,236,10245,8818,229,,,,,,270,,2015-06-29
8805,252,9599,10115,10605,,224,,,,,225,10417,8877,223,,,,,,248,,2015-07-06
8907,240,9943,10072,10791,,219,,,,,213,10682,8963,212,,,,,,248,,2015-07-13
8745,225,10141,10014,10867,,201,,,,,201,10880,8993,194,,,,,,231,,2015-07-20
8646,227,10141,10013,10996,,201,,,,,201,10883,8939,203,,,,,,225,,2015-07-27
8896,233,10143,9974,11068,,208,,,,,205,10838,8830,208,,,,,,218,,2015-08-03
8990,240,10087,9934,11059,,215,,,,,211,10840,8770,208,,,,,,218,,2015-08-10
9007,243,10106,9960,11078,,211,,,,,215,10823,8755,212,,,,,,220,,2015-08-17
8863,236,10137,9953,11010,,204,,,,,210,10853,8795,212,,,,,,220,,2015-08-24
9086,231,10178,10004,11044,,211,,,,,215,10841,8862,207,,,,,,220,,2015-08-31
9299,220,10233,10232,11159,,201,,,,,200,10961,8939,202,,,,,,210,,2015-09-07
9282,206,10212,10374,11210,,184,,,,,189,10946,8923,183,,,,,,205,,2015-09-14
9206,202,10201,10411,11237,,180,,,,,188,10949,8887,181,,,,,,205,,2015-09-21
9585,194,10024,10458,11367,,170,,,,,178,10718,8969,172,,,,,,198,,2015-09-28
9553,187,10043,10474,11357,,165,,,,,175,10670,9209,165,,,,,,188,,2015-10-05
9574,178,9928,10552,11310,,154,,,,,167,10531,9382,163,,,,,,183,,2015-10-12
9554,170,9746,10620,11182,,153,,,,,159,10400,9316,154,,,,,,183,,2015-10-19
9582,173,9679,10652,11052,,154,,,,,158,10384,9354,151,,,,,,173,,2015-10-26
9485,186,9242,10625,10624,,167,,,,,164,10008,9444,158,,,,,,173,,2015-11-02
9195,195,8991,10437,10529,,174,,,,,178,9850,9236,166,,,,,,173,,2015-11-09
8938,200,8618,10356,10142,,182,,,,,180,9541,9053,175,,,,,,173,,2015-11-16
8844,196,8259,9808,9428,,181,,,,,179,9154,8416,173,,,,,,173,,2015-11-23
8878,191,8160,9381,9133,,180,,,,,179,9052,8036,168,,,,,,173,,2015-11-30
8660,190,8112,9350,9103,,176,,,,,178,9138,8002,163,,,,,,173,,2015-12-07
8330,187,8115,9326,9143,,176,,,,,178,9142,8067,161,,,,,,173,,2015-12-14
8016,187,8050,8888,9268,,174,,,,,175,9135,7813,160,,,,,,173,,2015-12-21
8134,186,8064,8934,9337,,172,,,,,168,9116,7638,158,,,,,,173,,2015-12-28
8077,189,8067,8973,9332,,172,,,,,168,9095,7554,160,,,,,,173,,2016-01-04
8058,188,7826,8963,9428,,173,,,,,174,9221,7439,160,,,,,,173,,2016-01-11
8387,186,8090,8981,9240,,173,,,,,175,9089,7538,159,,,,,,173,,2016-01-18
8361,181,8176,9023,9272,,172,,,,,174,9126,7649,156,,,,,,174,,2016-01-25
8860,177,8247,9067,9339,,165,,,,,168,9231,7650,153,,,,,,177,,2016-02-01
9094,176,8366,9011,9249,,165,,,,,167,9428,7916,150,,,,,,177,,2016-02-08
9094,175,8502,9224,9442,,164,,,,,168,9540,8037,148,,,,,,176,,2016-02-15
9177,175,8603,9232,9335,,166,,,,,170,9664,8163,150,,,,,,177,,2016-02-22
8899,188,8729,9276,9408,,177,,,,,182,9745,8007,160,,,,,,177,,2016-02-29
9266,195,8760,9373,9437,,189,,,,,190,9724,7993,169,,,,,,182,,2016-03-07
8946,208,9023,9501,9887,,203,,,,,206,9729,8604,186,,,,,,200,,2016-03-14
8800,220,9462,9711,9933,,214,,,,,215,10195,8865,191,,,,,,210,,2016-03-21
8900,227,9745,9836,9990,,217,,,,,217,10444,8942,200,,,,,,228,,2016-03-28
8700,232,9847,9847,9901,,225,,,,,229,10595,9096,208,,,,,,238,,2016-04-04
9006,258,9857,10284,10292,,240,,,,,244,10673,9097,223,,,,,,243,,2016-04-11
8701,268,9924,10461,10153,,257,,,,,261,10732,9268,242,,,,,,248,,2016-04-18
8760,293,10402,10579,10120,,274,,,,,277,11019,9717,255,,,,,,268,,2016-04-25
8734,309,10849,10763,10471,,289,,,,,289,11567,10325,271,,,,,,275,,2016-05-02
8788,327,11034,10978,11395,,309,,,,,315,11860,10585,288,,,,,,305,,2016-05-09
10887,299,11282,11980,12611,,299,,,,,306,12128,10986,271,,,,,,285,,2016-05-16
10862,296,11403,12248,12380,,289,,,,,302,12196,11022,254,,,,,,270,,2016-05-23
10793,275,11810,12613,12420,,274,,,,,288,12443,11457,199,,,,,,250,,2016-05-30
11245,255,11984,12801,12587,,251,,,,,254,12890,11276,195,,,,,,230,,2016-06-06
11222,232,11884,12570,12587,,216,,,,,217,12802,11296,198,,,,,,225,,2016-06-13
11117,228,11643,12311,12827,,211,,,,,215,12540,11213,193,,,,,,233,,2016-06-20
11051,221,11323,12160,12750,,211,,,,,222,12171,11015,194,,,,,,233,,2016-06-27
9292,217,10824,11178,12157,,203,,,,,207,12045,10216,193,,,,,,233,,2016-07-04
9427,212,10444,11159,11872,,202,,,,,203,11352,9895,185,,,,,,226,,2016-07-11
9273,218,10419,11023,11488,,202,,,,,204,11350,9705,187,,,,,,226,,2016-07-18
9242,225,10193,11030,11392,,210,,,,,208,11269,9524,200,,,,,,226,,2016-07-25
9162,229,10197,10479,11309,,213,,,,,217,11248,9532,201,,,,,,226,,2016-08-01
9446,229,10411,10607,11239,,212,,,,,217,11230,9593,201,,,,,,228,,2016-08-08
9424,228,10515,10802,11354,,213,,,,,217,11421,9971,197,,,,,,228,,2016-08-15
9446,224,10607,10858,11519,,208,,,,,217,11509,10190,200,,,,,,225,,2016-08-22
10509,225,10750,11265,11484,,216,,,,,217,11664,10287,195,,,,,,225,,2016-08-29
10694,225,11036,11689,11336,,210,,,,,217,11876,10344,196,,,,,,226,,2016-09-05
10918,223,11352,12011,11512,,209,,,,,217,12191,10542,191,,,,,,225,,2016-09-12
11193,218,11495,12257,11489,,208,,,,,212,12420,10720,188,,,,,,236,,2016-09-19
11153,210,11623,12321,11403,,204,,,,,209,12568,10937,188,,,,,,230,,2016-09-26
11111,210,11721,12279,11612,,196,,,,,196,12591,11062,181,,,,,,223,,2016-10-03
11304,215,12201,13247,12954,,201,,,,,203,13005,11807,186,,,,,,223,,2016-10-10
11273,220,12182,13132,12869,,206,,,,,208,13017,11839,194,,,,,,223,,2016-10-17
11552,228,12203,13125,12672,,213,,,,,217,12976,11878,208,,,,,,228,,2016-10-24
11786,235,11917,12621,12716,,221,,,,,221,12682,11589,206,,,,,,228,,2016-10-31
11792,253,11819,12713,12660,,237,,,,,240,12548,11729,213,,,,,,233,,2016-11-07
11584,269,11800,12866,12564,,252,,,,,255,12483,11742,236,,,,,,260,,2016-11-14
11719,272,12108,12932,12917,,255,,,,,262,12729,11858,240,,,,,,273,,2016-11-21
11561,270,12556,13254,13434,,250,,,,,261,13377,12196,236,,,,,,273,,2016-11-28
11894,268,13021,13702,13500,,248,,,,,259,13950,12873,233,,,,,,271,,2016-12-05
12144,267,13600,14300,14417,,245,,,,,259,14492,13335,230,,,,,,270,,2016-12-12
13327,279,14403,14942,15094,,251,,,,,270,15385,14171,255,,,,,,285,,2016-12-19
13377,292,14969,15269,15561,,259,,,,,283,15869,14354,263,,,,,,285,,2016-12-26
13393,292,15046,15323,16085,,259,,,,,283,15878,14467,263,,,,,,285,,2017-01-02
13553,292,15038,15322,15579,,259,,,,,283,15705,14420,263,,,,,,285,,2017-01-09
13449,288,15072,15312,16093,,256,,,,,280,15861,14583,260,,,,,,281,,2017-01-16
13468,280,14887,15315,15659,,249,,,,,275,15838,14478,253,,,,,,277,,2017-01-23
13396,250,14812,15328,15439,,219,,,,,246,15868,14480,223,,,,,,265,,2017-01-30
13426,235,14607,15303,15233,,206,,,,,235,15642,14685,209,,,,,,265,,2017-02-06
13381,251,14201,15412,14945,,222,,,,,246,15229,14280,222,,,,,,265,,2017-02-13
13348,275,13780,15315,14799,,246,,,,,270,14854,14234,245,,,,,,280,,2017-02-20
13155,282,13357,14552,14729,,254,,,,,277,14506,13702,252,,,,,,280,,2017-02-27
13098,285,13070,13624,14708,,259,,,,,280,14184,12842,255,,,,,,285,,2017-03-06
12284,299,12744,13321,14310,,269,,,,,287,13438,12538,271,,,,,,290,,2017-03-13
12269,298,12395,13198,14112,,268,,,,,285,13515,12330,270,,,,,,287,,2017-03-20
11824,276,12440,13263,13877,,250,,,,,265,13479,12385,257,,,,,,280,,2017-03-27
11814,267,12408,13316,13792,,241,,,,,255,13477,12348,249,,,,,,280,,2017-04-03
11738,275,12281,13269,13543,,247,,,,,260,13400,12384,255,,,,,,280,,2017-04-10
11707,274,12245,13199,13631,,246,,,,,258,13392,12310,254,,,,,,275,,2017-04-17
11652,265,12192,13215,13731,,238,,,,,249,13268,12225,243,,,,,,275,,2017-04-24
11580,263,12230,13174,13742,,238,,,,,246,13298,12235,239,,,,,,270,,2017-05-01
11576,274,12189,13211,13627,,252,,,,,257,13275,12270,250,,,,,,275,,2017-05-08
11599,273,12170,13209,13442,,251,,,,,255,13168,12273,249,,,,,,275,,2017-05-15
11566,273,12107,13157,13558,,250,,,,,255,13095,12302,248,,,,,,275,,2017-05-22
11547,271,12017,13136,13576,,246,,,,,253,13080,12298,247,,,,,,270,,2017-05-29
11542,271,11896,12885,13563,,246,,,,,253,12995,12152,247,,,,,,265,,2017-06-05
11564,272,11708,12828,13437,,247,,,,,253,12815,12029,248,,,,,,265,,2017-06-12
11545,274,11668,12575,13389,,249,,,,,254,12826,11762,250,,,,,,265,,2017-06-19
11552,280,11677,12376,12917,,253,,,,,256,12821,11580,254,,,,,,265,,2017-06-26
11545,288,11715,12369,12932,,262,,,,,267,12814,11609,263,,,,,,275,,2017-07-03
11119,295,11695,12478,12925,,270,,,,,271,12808,11568,270,,,,,,280,,2017-07-10
11124,297,11663,12606,13107,,271,,,,,273,12803,11583,273,,,,,,290,,2017-07-17
11608,302,11862,12999,13301,,273,,,,,275,12766,11938,278,,,,,,290,,2017-07-24
11696,320,12253,13145,13492,,292,,,,,295,13137,12038,290,,,,,,303,,2017-07-31
11891,328,12697,13401,13519,,305,,,,,310,13841,12200,303,,,,,,308,,2017-08-07
12226,345,13033,13482,13960,,325,,,,,327,14104,12366,320,,,,,,330,,2017-08-14
12256,355,13535,13638,15507,,330,,,,,336,14648,13013,329,,,,,,340,,2017-08-21
12924,358,14841,14904,16541,,333,,,,,339,15876,14149,332,,,,,,340,,2017-08-28
13529,356,15142,15177,16341,,330,,,,,336,16179,14285,330,,,,,,353,,2017-09-04
13732,356,15267,15466,16411,,331,,,,,339,16271,14533,327,,,,,,352,,2017-09-11
14888,352,15732,16078,17060,,326,,,,,336,16676,15355,315,,,,,,352,,2017-09-18
15634,330,16167,16597,17450,,305,,,,,321,17238,15692,305,,,,,,352,,2017-09-25
15517,305,16221,16696,17386,,280,,,,,290,17228,15692,265,,,,,,345,,2017-10-02
15386,300,16257,16546,17575,,275,,,,,285,17167,15697,260,,,,,,325,,2017-10-09
15201,307,16006,16804,17256,,280,,,,,290,16933,16029,265,,,,,,325,,2017-10-16
15301,303,15961,16719,17141,,285,,,,,286,16898,15815,261,,,,,,323,,2017-10-23
14522,302,15416,16126,16555,,273,,,,,286,16484,15028,261,,,,,,323,,2017-10-30
14274,309,14958,15713,16255,,279,,,,,290,16141,14445,265,,,,,,323,,2017-11-06
14146,304,14552,15601,16093,,275,,,,,283,15769,14316,260,,,,,,330,,2017-11-13
14170,310,14246,15328,15222,,277,,,,,293,15327,13691,266,,,,,,330,,2017-11-20
14017,315,13932,15192,15389,,285,,,,,296,14970,13724,272,,,,,,340,,2017-11-27
14013,329,13758,15040,15415,,301,,,,,300,14882,13599,270,,,,,,345,,2017-12-04
13972,345,13604,15028,15320,,320,,,,,315,14759,13580,285,,,,,,355,,2017-12-11
13918,352,13605,15024,15321,,320,,,,,317,14768,13632,295,,,,,,355,,2017-12-18
14052,360,13567,14803,15297,,333,,,,,335,14722,13502,315,,,,,,380,,2017-12-25
14322,365,13550,14844,15154,,335,,,,,340,14666,13606,320,,,,,,385,,2018-01-01
14088,370,13424,14727,14898,,340,,,,,345,14478,13583,320,,,,,,390,,2018-01-08
14081,372,13461,14888,14887,,340,,,,,345,14604,13598,325,,,,,,380,,2018-01-15
14367,360,13544,14965,14846,,330,,,,,338,14700,13641,317,,,,,,380,,2018-01-22
14359,353,13498,14927,15065,,325,,,,,330,14810,13594,312,,,,,,360,,2018-01-29
14347,348,13826,15211,14993,,317,,,,,318,15065,13917,300,,,,,,360,,2018-02-05
14166,348,14201,15139,14826,,317,,,,,320,15431,13967,300,,,,,,350,,2018-02-12
14583,353,14413,15390,14967,,322,,,,,325,15618,14272,303,,,,,,350,,2018-02-19
14657,358,14665,15580,15240,,320,,,,,335,15976,14739,305,,,,,,375,,2018-02-26
14965,364,15231,15836,15496,,326,,,,,337,16356,15040,315,,,,,,385,,2018-03-05
15567,375,15612,16001,15536,,335,,,,,350,16731,15040,325,,,,,,400,,2018-03-12
15440,374,15775,16421,16989,,335,,,,,350,17007,15271,325,,,,,,405,,2018-03-19
15583,370,16100,16692,17904,,333,,,,,350,17211,15404,323,,,,,,405,,2018-03-26
15729,366,16612,16921,18226,,333,,,,,350,17710,16012,322,,,,,,395,,2018-04-02
15925,356,17000,17321,18965,,330,,,,,345,17974,16221,317,,,,,,375,,2018-04-09
15954,354,16988,17409,18828,,329,,,,,343,17992,16346,314,,,,,,375,,2018-04-16
16016,345,17036,17567,18827,,320,,,,,330,17939,16544,303,,,,,,375,,2018-04-23
16159,350,16988,17628,18772,,325,,,,,335,17862,16374,308,,,,,,360,,2018-04-30
16135,354,16856,17642,18781,,325,,,,,327,17790,16330,314,,,,,,360,,2018-05-07
16218,358,16787,17623,18581,,325,,,,,327,17681,16412,314,,,,,,365,,2018-05-14
16191,349,16674,17570,18147,,318,,,,,327,17703,16395,310,,,,,,365,,2018-05-21
16155,341,16597,17518,17797,,312,,,,,327,17678,16394,303,,,,,,365,,2018-05-28
16170,333,16544,17571,17669,,305,,,,,320,17702,16468,295,,,,,,360,,2018-06-04
16432,340,16362,17543,17475,,312,,,,,320,17499,16515,308,,,,,,355,,2018-06-11
16604,348,16346,17369,17846,,320,,,,,325,17479,16337,320,,,,,,357,,2018-06-18
16492,354,16108,17325,17994,,326,,,,,333,17279,16180,325,,,,,,357,,2018-06-25
16331,354,15923,17195,17826,,326,,,,,333,17161,15945,324,,,,,,357,,2018-07-02
16070,350,15963,17273,18064,,323,,,,,333,17153,15922,321,,,,,,357,,2018-07-09
16424,341,16200,17405,18071,,314,,,,,323,17428,16101,311,,,,,,357,,2018-07-16
16531,339,16413,17443,18134,,312,,,,,323,17657,16133,305,,,,,,355,,2018-07-23
16630,335,16515,17473,18380,,309,,,,,320,17752,16194,298,,,,,,355,,2018-07-30
16711,330,16721,17546,18412,,305,,,,,317,17956,16283,303,,,,,,350,,2018-08-06
16881,323,16914,17588,18665,,299,,,,,305,18143,16515,288,,,,,,350,,2018-08-13
16935,310,16967,17649,18747,,287,,,,,287,18228,16773,263,,,,,,350,,2018-08-20
16914,297,17247,17663,18675,,274,,,,,279,18522,16810,279,,,,,,350,,2018-08-27
17490,310,17608,18397,18833,,285,,,,,285,18821,17329,284,,,,,,343,,2018-09-03
17636,317,17924,18508,19051,,295,,,,,295,19185,17601,284,,,,,,343,,2018-09-10
17737,319,18322,18833,19289,,295,,,,,297,19615,17962,292,,,,,,343,,2018-09-17
17768,324,18517,18994,19542,,300,,,,,297,19773,18212,292,,,,,,343,,2018-09-24
17783,321,18596,19016,19529,,296,,,,,296,19870,18222,292,,,,,,355,,2018-10-01
17906,325,18596,18987,19477,,300,,,,,299,19853,18304,292,,,,,,360,,2018-10-08
17983,328,18594,19007,19496,,303,,,,,303,19794,18271,293,,,,,,360,,2018-10-15
17900,328,18465,19020,19509,,301,,,,,304,19731,18245,295,,,,,,360,,2018-10-22
17965,331,18401,18894,19607,,303,,,,,305,19677,18048,297,,,,,,357,,2018-10-29
17937,337,17969,19000,19495,,306,,,,,315,19243,18062,297,,,,,,357,,2018-11-05
17792,338,17748,18718,19135,,310,,,,,315,18834,17624,305,,,,,,357,,2018-11-12
17406,336,17158,18294,18630,,308,,,,,313,18308,17113,306,,,,,,352,,2018-11-19
17247,329,16667,17864,18130,,304,,,,,310,17830,16588,292,,,,,,347,,2018-11-26
16766,318,16142,17434,17631,,295,,,,,307,17333,16123,286,,,,,,336,,2018-12-03
16774,309,15632,17120,17068,,278,,,,,289,16881,15754,276,,,,,,332,,2018-12-10
17160,301,15444,16458,17345,,278,,,,,280,16698,15150,275,,,,,,322,,2018-12-17
17172,292,15545,16414,17312,,271,,,,,269,16810,15326,255,,,,,,323,,2018-12-24
17056,290,15548,16535,17242,,265,,,,,269,16899,15405,252,,,,,,315,,2018-12-31
16932,280,15531,16513,16649,,255,,,,,259,16848,15305,245,,,,,,310,,2019-01-07
17170,277,15523,16568,16498,,255,,,,,260,16937,15356,235,,,,,,310,,2019-01-14
16684,285,15489,16496,16455,,270,,,,,269,16858,15243,246,,,,,,301,,2019-01-21
16520,295,15505,16529,16748,,270,,,,,273,16927,15266,262,,,,,,301,,2019-01-28
16773,309,16136,16787,18261,,291,,,,,295,17458,15912,283,,,,,,322,,2019-02-04
16780,329,16556,17406,18567,,305,,,,,315,17817,16196,290,,,,,,327,,2019-02-11
16842,327,16700,17699,18541,,303,,,,,316,17948,16600,293,,,,,,327,,2019-02-18
16898,320,17486,18291,19142,,295,,,,,316,18686,17442,285,,,,,,330,,2019-02-25
17333,310,18094,18852,20030,,285,,,,,300,18848,17967,275,,,,,,325,,2019-03-04
18006,320,18587,19808,20701,,293,,,,,302,19328,18920,287,,,,,,335,,2019-03-11
18119,323,19010,19902,20774,,295,,,,,305,19902,18915,287,,,,,,340,,2019-03-18
18421,323,18545,19961,20741,,295,,,,,305,19600,18922,287,,,,,,345,,2019-03-25
18699,319,18241,19560,20442,,292,,,,,302,19208,18494,287,,,,,,340,,2019-04-01
18208,313,17151,19078,19304,,287,,,,,296,18445,17493,282,,,,,,335,,2019-04-08
17972,306,16903,18488,18955,,280,,,,,288,18201,16886,275,,,,,,335,,2019-04-15
17523,312,15685,17751,17491,,287,,,,,293,16985,16234,282,,,,,,335,,2019-04-22
17174,310,15349,17602,16696,,285,,,,,290,16652,16141,280,,,,,,315,,2019-04-29
16760,303,15287,17360,16724,,275,,,,,286,16530,16132,267,,,,,,315,,2019-05-06
16530,290,14933,16972,16045,,265,,,,,275,16116,15699,260,,,,,,310,,2019-05-13
16563,294,14867,16812,15682,,269,,,,,279,16074,15236,258,,,,,,305,,2019-05-20
16108,310,14811,16438,15669,,285,,,,,292,16044,14890,275,,,,,,305,,2019-05-27
15793,303,14686,16118,15554,,280,,,,,290,15921,14391,272,,,,,,310,,2019-06-03
15500,298,14176,16094,15391,,282,,,,,290,15636,14449,273,,,,,,311,,2019-06-10
15530,290,14097,16051,15565,,270,,,,,275,15632,14449,259,,,,,,305,,2019-06-17
15578,279,14371,16142,15525,,256,,,,,265,15636,14821,250,,,,,,305,,2019-06-24
15608,285,15299,16404,15670,,260,,,,,268,16431,14991,257,,,,,,300,,2019-07-01
15678,298,15474,17049,16603,,274,,,,,278,16626,15294,268,,,,,,305,,2019-07-08
15866,295,15935,17411,17730,,270,,,,,275,17132,15883,265,,,,,,305,,2019-07-15
15882,294,16282,17571,17843,,269,,,,,273,17509,16238,265,,,,,,305,,2019-07-22
15926,294,16320,17543,18359,,269,,,,,273,17591,16254,265,,,,,,305,,2019-07-29
15712,292,16334,17583,18523,,270,,,,,273,17521,16227,265,,,,,,305,,2019-08-05
15744,289,16266,17545,18634,,268,,,,,269,17370,16074,265,,,,,,304,,2019-08-12
15766,284,16078,17508,18262,,260,,,,,269,17177,15747,260,,,,,,304,,2019-08-19
15722,279,15756,17437,17569,,250,,,,,260,16854,15613,255,,,,,,304,,2019-08-26
15773,270,15686,17344,17403,,242,,,,,246,16883,15599,245,,,,,,295,,2019-09-02
15924,253,14959,16472,16385,,225,,,,,228,16311,14776,226,,,,,,292,,2019-09-09
15953,240,14702,16391,16427,,213,,,,,215,15958,14739,212,,,,,,277,,2019-09-16
15702,233,14403,16172,15921,,205,,,,,208,15813,14498,200,,,,,,260,,2019-09-23
15270,225,13765,16068,15688,,199,,,,,200,15198,14144,192,,,,,,258,,2019-09-30
14832,227,13447,15566,14825,,199,,,,,201,14905,13578,194,,,,,,245,,2019-10-07
14919,233,13274,15105,14292,,207,,,,,208,14432,13267,204,,,,,,242,,2019-10-14
14844,241,13166,14668,14245,,216,,,,,218,14326,13033,210,,,,,,242,,2019-10-21
14479,250,13172,14573,14262,,225,,,,,230,14252,12908,220,,,,,,248,,2019-10-28
12937,255,12878,13581,14426,,230,,,,,232,14110,12181,225,,,,,,258,,2019-11-04
13058,260,12702,13494,14709,,238,,,,,240,13839,12469,231,,,,,,265,,2019-11-11
12845,261,12713,13513,14477,,240,,,,,242,13893,12563,233,,,,,,270,,2019-11-18
12149,262,13100,13559,14627,,239,,,,,246,14167,12840,235,,,,,,275,,2019-11-25
12756,266,13370,14161,15019,,245,,,,,245,14373,13215,239,,,,,,275,,2019-12-02
13388,285,13563,14638,15266,,260,,,,,257,14614,13679,255,,,,,,282,,2019-12-09
13225,297,13941,14791,15468,,272,,,,,275,15274,13801,268,,,,,,295,,2019-12-16
13391,299,14059,14749,15532,,275,,,,,276,15385,14168,271,,,,,,297,,2019-12-23
13431,301,14606,15224,15842,,277,,,,,276,15907,14352,272,,,,,,297,,2019-12-30
13453,301,14626,15438,15907,,276,,,,,276,16047,14417,272,,,,,,299,,2020-01-06
14164,299,15066,15620,16361,,275,,,,,275,16626,14506,270,,,,,,299,,2020-01-13
14035,295,15470,15893,16475,,270,,,,,271,16876,14711,265,,,,,,299,,2020-01-20
13893,280,15556,16421,16693,,257,,,,,260,16845,14916,250,,,,,,289,,2020-01-27
13993,270,15530,17040,17038,,248,,,,,252,16833,15438,240,,,,,,285,,2020-02-03
14620,260,15392,17561,17340,,240,,,,,240,16684,15862,228,,,,,,270,,2020-02-10
14780,272,15454,17637,17062,,251,,,,,252,16908,16058,240,,,,,,260,,2020-02-17
14756,280,14937,17536,16714,,258,,,,,260,15983,15539,247,,,,,,275,,2020-02-24
14590,278,15025,17115,17056,,255,,,,,260,15608,15349,245,,,,,,275,,2020-03-02
14154,273,14061,16936,15306,,249,,,,,254,14832,15082,243,,,,,,270,,2020-03-09
14186,270,13672,16367,15441,,245,,,,,250,15153,14217,240,,,,,,265,,2020-03-16
13993,245,13896,15754,15189,,222,,,,,226,15266,13986,215,,,,,,257,,2020-03-23
13959,215,13758,15563,15112,,199,,,,,195,15124,13846,188,,,,,,240,,2020-03-30
13902,210,13464,15516,15119,,190,,,,,192,14716,13533,190,,,,,,233,,2020-04-06
13849,245,13324,15812,15003,,230,,,,,230,14683,13867,225,,,,,,233,,2020-04-13
13923,256,13414,16073,15407,,242,,,,,244,14833,13981,232,,,,,,250,,2020-04-20
14469,255,14229,16684,16149,,241,,,,,245,15546,14608,232,,,,,,250,,2020-04-27
14213,240,14625,16986,16327,,230,,,,,225,15853,14859,220,,,,,,250,,2020-05-04
14244,242,14627,17013,16247,,230,,,,,232,15923,14831,220,,,,,,250,,2020-05-11
14045,250,14370,16514,16133,,235,,,,,240,15705,14370,225,,,,,,255,,2020-05-18
13994,250,13642,15486,14983,,235,,,,,240,14946,13578,220,,,,,,252,,2020-05-25
13739,253,13257,14911,14834,,238,,,,,241,14631,13058,225,,,,,,255,,2020-06-01
13629,258,13091,14185,14309,,243,,,,,247,14467,12702,230,,,,,,260,,2020-06-08
13702,265,13162,13844,14363,,250,,,,,253,14523,12777,236,,,,,,270,,2020-06-15
13394,264,13613,13687,15019,,245,,,,,250,14771,13367,235,,,,,,281,,2020-06-22
13549,257,14018,14474,15611,,237,,,,,244,15210,13917,230,,,,,,265,,2020-06-29
13680,255,14232,14956,16135,,235,,,,,244,15502,14252,230,,,,,,257,,2020-07-06
13891,255,14462,15346,16093,,233,,,,,241,15694,14385,230,,,,,,257,,2020-07-13
14243,259,14664,16007,16450,,236,,,,,239,15809,14749,235,,,,,,257,,2020-07-20
14357,269,14979,16443,16575,,245,,,,,248,16100,15036,245,,,,,,267,,2020-07-27
14364,277,15362,16775,17052,,255,,,,,256,16548,15399,252,,,,,,273,,2020-08-03
14462,283,15826,17173,17468,,264,,,,,263,16807,15815,257,,,,,,278,,2020-08-10
14797,285,16267,17596,17434,,266,,,,,264,17205,16070,259,,,,,,293,,2020-08-17
15637,282,16626,17907,17836,,261,,,,,263,17550,16335,253,,,,,,305,,2020-08-24
15744,288,16583,18075,17989,,265,,,,,267,17534,16380,260,,,,,,308,,2020-08-31
16233,298,16595,18417,17983,,275,,,,,278,17520,16554,270,,,,,,310,,2020-09-07
16547,301,16887,18961,18039,,280,,,,,282,17869,17172,276,,,,,,314,,2020-09-14
16672,296,17320,19405,19027,,273,,,,,282,18270,17817,273,,,,,,314,,2020-09-21
17257,295,17687,19591,19507,,272,,,,,283,18706,18220,273,,,,,,305,,2020-09-28
17768,290,17962,19934,19744,,265,,,,,275,18923,18492,266,,,,,,305,,2020-10-05
17982,285,18201,20070,19928,,260,,,,,265,19099,18681,260,,,,,,302,,2020-10-12
17973,286,18148,20070,19716,,260,,,,,266,19062,18466,260,,,,,,301,,2020-10-19
18031,290,18044,20063,19708,,264,,,,,270,18857,18526,262,,,,,,301,,2020-10-26
18089,292,18080,20215,19823,,265,,,,,272,18906,18742,264,,,,,,303,,2020-11-02
18438,296,18508,20562,20125,,269,,,,,277,19351,19029,266,,,,,,308,,2020-11-09
18723,310,18760,20650,20199,,281,,,,,291,19672,19116,280,,,,,,325,,2020-11-16
19062,330,19154,20966,20488,,303,,,,,310,20073,19331,300,,,,,,335,,2020-11-23
18927,350,19729,21348,21016,,322,,,,,320,20698,19632,315,,,,,,340,,2020-11-30
19187,360,20457,21786,21464,,330,,,,,340,21376,20299,320,,,,,,380,,2020-12-07
19772,400,21690,22629,22924,,372,,,,,380,22459,21377,365,,,,,,390,,2020-12-14
20725,440,23142,23676,24467,,415,,,,,418,23828,22925,405,,,,,,455,,2020-12-21
22224,470,25395,25382,26167,,442,,,,,447,26123,24565,433,,,,,,475,,2020-12-28
23365,477,26802,27156,27485,,450,,,,,454,27402,26082,440,,,,,,475,,2021-01-04
23572,480,27134,27967,27884,,455,,,,,457,28007,26461,443,,,,,,480,,2021-01-11
24195,465,27297,27545,27893,,440,,,,,445,28134,26348,428,,,,,,480,,2021-01-18
25479,440,27647,27983,28573,,410,,,,,414,28415,27178,403,,,,,,455,,2021-01-25
25579,415,27662,28246,28416,,380,,,,,392,28503,27494,380,,,,,,417,,2021-02-01
25285,398,27102,28177,28187,,366,,,,,370,28002,27253,363,,,,,,397,,2021-02-08
24914,407,25834,27643,26751,,375,,,,,375,26993,26000,370,,,,,,415,,2021-02-15
24774,418,24638,27158,25897,,387,,,,,388,25779,25440,380,,,,,,440,,2021-02-22
24850,445,24653,27240,26494,,415,,,,,417,25524,25314,410,,,,,,445,,2021-03-01
25336,460,25029,27254,26694,,425,,,,,425,26096,26011,422,,,,,,460,,2021-03-08
26291,445,25843,27738,26961,,405,,,,,412,26877,26177,407,,,,,,460,,2021-03-15
26498,427,26670,28137,27526,,390,,,,,400,27680,26624,390,,,,,,434,,2021-03-22
27172,417,27585,28832,28225,,382,,,,,393,28656,27371,380,,,,,,438,,2021-03-29
27524,428,27967,29311,28804,,393,,,,,400,28998,27728,390,,,,,,442,,2021-04-05
27737,431,27727,29418,28948,,398,,,,,407,28730,27676,392,,,,,,455,,2021-04-12
27700,428,27434,29405,28798,,395,,,,,405,28318,27420,388,,,,,,460,,2021-04-19
27709,425,26981,29309,28571,,395,,,,,407,27879,27481,388,,,,,,456,,2021-04-26
27722,438,26450,29031,28138,,405,,,,,415,27484,27325,400,,,,,,466,,2021-05-03
27700,470,26104,28821,27905,,437,,,,,445,27155,27092,432,,,,,,471,,2021-05-10
27883,503,26160,29010,27865,,471,,,,,480,27257,27165,467,,,,,,525,,2021-05-17
28571,507,26709,29303,28524,,473,,,,,482,27865,27588,470,,,,,,535,,2021-05-24
28883,510,27659,29809,29326,,475,,,,,483,28807,28134,475,,,,,,518,,2021-05-31
28805,503,28162,30160,29672,,468,,,,,478,29278,28352,468,,,,,,508,,2021-06-07
28242,504,28260,30148,29561,,469,,,,,475,29330,28373,469,,,,,,515,,2021-06-14
27722,500,28003,30128,29375,,463,,,,,461,29190,28202,465,,,,,,515,,2021-06-21
26673,497,27679,30111,29065,,457,,,,,459,28969,27807,462,,,,,,513,,2021-06-28
25813,498,26892,29662,27776,,456,,,,,459,27889,26924,460,,,,,,518,,2021-07-05
25816,496,25966,28463,26909,,453,,,,,457,27063,26257,458,,,,,,518,,2021-07-12
25855,486,24734,27589,26080,,441,,,,,448,25804,25358,448,,,,,,508,,2021-07-19
24580,480,24714,26726,26272,,437,,,,,445,26161,24725,440,,,,,,508,,2021-07-26
23645,472,25089,26656,26890,,430,,,,,439,26351,24886,427,,,,,,503,,2021-08-02
24491,464,25589,26812,27101,,424,,,,,424,26706,25215,417,,,,,,500,,2021-08-09
24489,457,26472,26824,27849,,415,,,,,421,27356,25672,410,,,,,,495,,2021-08-16
24136,452,26514,26890,27941,,410,,,,,415,27394,26077,400,,,,,,500,,2021-08-23
24175,448,26654,26960,28185,,406,,,,,413,27420,25998,396,,,,,,500,,2021-08-30
24250,446,26541,27339,28241,,405,,,,,413,27418,25879,394,,,,,,483,,2021-09-06
24106,443,26413,27259,28233,,401,,,,,409,27219,25793,390,,,,,,483,,2021-09-13
24607,439,26108,26988,27854,,392,,,,,405,26724,25523,386,,,,,,498,,2021-09-20
24138,438,25488,26703,27166,,388,,,,,401,26251,25059,386,,,,,,500,,2021-09-27
23908,435,25050,26496,26784,,385,,,,,398,25750,24722,386,,,,,,500,,2021-10-04
24028,449,24896,26474,26523,,397,,,,,410,25604,24681,402,,,,,,508,,2021-10-11
24275,480,24515,26537,26086,,427,,,,,436,25157,24534,432,,,,,,528,,2021-10-18
24629,500,25359,27467,26593,,448,,,,,450,25936,25363,451,,,,,,544,,2021-10-25
24737,501,26592,28334,27708,,446,,,,,450,27341,26648,450,,,,,,550,,2021-11-01
24893,497,27446,28778,28831,,441,,,,,453,28389,27498,446,,,,,,541,,2021-11-08
25638,499,28100,29351,29339,,445,,,,,456,28841,28006,446,,,,,,528,,2021-11-15
25790,498,29015,30195,30104,,443,,,,,458,29662,28584,444,,,,,,528,,2021-11-22
26133,492,29906,30842,30914,,438,,,,,453,30376,29414,438,,,,,,530,,2021-11-29
26178,484,30184,31083,31202,,430,,,,,445,30713,29724,428,,,,,,530,,2021-12-06
26031,471,29578,30275,30750,,417,,,,,431,30050,28958,415,,,,,,528,,2021-12-13
25299,467,28862,29555,29870,,414,,,,,425,29447,28299,410,,,,,,520,,2021-12-20
24741,461,28419,29024,29631,,416,,,,,422,28941,27848,413,,,,,,512,,2021-12-27
24326,463,27969,28407,29121,,418,,,,,424,28566,27215,415,,,,,,500,,2022-01-03
24255,465,27830,28802,28826,28000.0,419,,,27950.0,,425,28615,26977,416,,,,,27450.0,500,,2022-01-10
25878,471,27934,28622,29086,27650.0,430,,,27950.0,,440,28751,27257,425,,,,,27450.0,510,,2022-01-17
25949,470,27651,28389,28955,27650.0,430,,,27950.0,,435,28321,27140,425,,,,,26950.0,518,,2022-01-24
25683,470,27972,28807,29396,29500.0,429,,,28150.0,,438,28816,27624,425,,,,,26950.0,530,,2022-01-31
26372,490,29440,30078,30752,29500.0,450,,,28350.0,,462,30282,28859,445,,,,,29300.0,535,,2022-02-07
27970,503,30598,31458,32114,30500.0,464,,,29800.0,,474,31346,29977,458,,,,,30300.0,555,,2022-02-14
28335,506,31407,32417,32898,32000.0,466,,,30850.0,,477,32085,30930,460,,,,,30600.0,560,,2022-02-21
28968,509,32437,33208,33913,32600.0,469,,,31100.0,,477,33041,31875,460,,,,,31450.0,568,,2022-02-28
31048,567,32619,34466,35186,32550.0,524,,,31500.0,,534,34263,32402,497,,,,,31100.0,575,,2022-03-07
31137,648,30755,33349,32835,30400.0,604,,,30000.0,,610,32912,31181,578,,,,,27350.0,598,,2022-03-14
27892,658,28469,30238,29971,28900.0,614,,,28750.0,,619,29736,28228,588,,,,,27250.0,640,,2022-03-21
27476,657,26492,28568,27675,27750.0,610,,,26950.0,,612,27559,26485,587,,,,,25100.0,658,,2022-03-28
26778,654,25648,27411,26916,27750.0,605,,,25600.0,,610,26627,25185,584,,,,,24100.0,650,,2022-04-04
25966,653,24910,27074,26208,27750.0,603,,,25150.0,,611,25989,24659,583,,,,,24250.0,637,,2022-04-11
26986,645,25607,27984,26943,28100.0,595,,,25400.0,,604,26719,25352,575,,,,,25350.0,622,,2022-04-18
28925,617,28030,30202,29731,28050.0,566,,,27400.0,,577,28891,28254,547,,,,,27500.0,610,,2022-04-25
29737,562,29767,32061,31615,28050.0,512,,,29400.0,,512,30427,31376,492,,,,,29750.0,585,,2022-05-02
29951,537,30523,32880,32249,29500.0,487,,,29400.0,,488,31017,31982,467,,,,,29750.0,550,,2022-05-09
28736,495,30082,32910,31462,29000.0,445,,,28400.0,,443,30791,31548,425,,,,,28000.0,525,,2022-05-16
26720,469,27356,30626,29099,24950.0,417,,,27200.0,,418,28480,29528,415,,,,,21250.0,510,,2022-05-23
23317,461,21574,25964,23603,21100.0,412,,,17950.0,,415,21615,23798,411,,,,,20250.0,500,,2022-05-30
19757,440,19499,23137,21843,18600.0,396,,,16800.0,,391,20122,18829,390,,,,,17200.0,497,,2022-06-06
17185,424,17655,21258,20112,18600.0,381,,,16800.0,,381,18736,18445,374,,,,,16700.0,490,,2022-06-13
16334,378,16963,20827,18343,17650.0,339,,,16800.0,,340,18221,17335,333,,,,,16200.0,453,,2022-06-20
15790,337,16514,20230,18306,17150.0,297,,,16800.0,,309,17846,17107,292,,,,,16200.0,403,,2022-06-27
16063,343,16006,19477,18054,16500.0,303,,,16550.0,,311,17223,17134,298,,,,,15700.0,378,,2022-07-04
15297,398,15790,19166,18268,17250.0,356,,,17550.0,,366,17148,16544,353,,,,,16200.0,383,,2022-07-11
16673,409,16212,19955,20207,19200.0,370,,,17550.0,,371,18308,17103,364,,,,,16700.0,395,,2022-07-18
16962,387,17776,20489,21962,22400.0,348,,,17450.0,,349,20147,18040,342,,,,,17500.0,390,,2022-07-25
17547,355,19730,22020,23751,23300.0,317,,,19350.0,,319,21835,19731,310,,,,,20850.0,380,,2022-08-01
21195,360,21650,24183,25568,23050.0,321,,,20200.0,,325,23534,22180,315,,,,,22350.0,370,,2022-08-08
21461,395,22016,24832,26015,23300.0,357,,,21250.0,,362,23841,22858,350,,,,,22350.0,385,,2022-08-15
21510,398,22324,24946,25881,23300.0,361,,,21250.0,,366,24239,22884,353,,,,,22750.0,395,,2022-08-22
21069,401,22250,24924,25793,22350.0,363,,,21250.0,,370,24231,22530,356,,,,,22650.0,420,,2022-08-29
20920,396,21498,24665,24677,22350.0,359,,,21250.0,,368,23357,22383,351,,,,,22150.0,440,,2022-09-05
21739,373,21004,24300,24588,21850.0,339,,,21000.0,,342,22647,21766,328,,,,,22000.0,415,,2022-09-12
21481,350,20865,24178,24568,21700.0,316,,,21000.0,,322,22518,21340,305,,,,,21850.0,390,,2022-09-19
21353,351,20763,24155,24349,21700.0,316,,,20800.0,,322,22726,21207,292,,,,,21850.0,385,,2022-09-26
20719,368,20652,24239,24524,21550.0,333,,,20800.0,,338,22719,21294,309,,,,,21750.0,395,,2022-10-03
21040,370,20551,24246,24418,21300.0,334,,,20800.0,,340,22662,21285,311,,,,,21750.0,405,,2022-10-10
21198,371,20338,24176,24277,21300.0,332,,,20800.0,,336,22585,21123,312,,,,,21750.0,405,,2022-10-17
21680,365,20665,24203,24351,21300.0,325,,,20800.0,,328,22558,21143,306,,,,,21600.0,405,,2022-10-24
22246,359,20021,23860,23600,20900.0,318,,,20650.0,,323,22220,20740,300,,,,,20800.0,405,,2022-10-31
21998,354,18986,22976,22248,20350.0,313,,,20400.0,,320,21481,20630,265,,,,,20050.0,394,,2022-11-07
20982,346,18023,21898,21319,19350.0,307,,,19550.0,,313,20399,18825,257,,,,,19050.0,378,,2022-11-14
21124,338,17733,21532,21096,18350.0,301,,,19300.0,,306,19835,18403,259,,,,,18300.0,368,,2022-11-21
19842,347,17629,21227,20975,18100.0,312,,,19050.0,,313,19843,18069,271,,,,,17900.0,350,,2022-11-28
18801,370,17000,20770,20253,17350.0,336,,,18750.0,,340,19746,17981,297,,,,,17750.0,350,,2022-12-05
17332,384,16939,20444,20174,17350.0,352,,,18500.0,,354,19435,17668,311,,,,,17750.0,366,,2022-12-12
17727,387,16962,20072,19973,17350.0,356,,,18250.0,,358,19341,17384,312,,,,,17750.0,405,,2022-12-19
18031,386,16999,19730,19988,17350.0,355,,,18250.0,,356,19386,17035,311,,,,,17950.0,400,,2022-12-26
17705,395,17045,19743,20090,17350.0,368,,,18700.0,,367,19412,17009,320,,,,,18500.0,402,,2023-01-02
20344,413,17360,20566,20700,18850.0,383,16993.0,0.0,18750.0,15800.0,387,19581,16537,338,19400.0,18353.0,0.0,16566.0,18500.0,402,90000.0,2023-01-09
19028,417,18415,20764,21951,19650.0,388,18450.0,0.0,19500.0,0.0,395,20288,18012,347,19400.0,18498.0,13660.0,0.0,19200.0,425,90000.0,2023-01-16
18750,406,19702,21449,23307,20650.0,377,19465.0,19220.0,19850.0,16000.0,385,21626,19384,336,20100.0,19221.0,16366.0,18000.0,19950.0,440,95000.0,2023-01-23
21524,413,21036,22424,24553,21800.0,384,21122.0,20643.0,20850.0,16785.0,393,23110,20519,343,21048.0,20044.0,17480.0,18450.0,21950.0,435,100000.0,2023-01-30
22311,424,21794,23780,25587,22050.0,395,21404.0,21341.0,22750.0,18338.0,404,23784,21336,359,22006.0,21938.0,18030.0,19916.0,22300.0,435,100000.0,2023-02-06
23774,428,22058,24807,25741,22050.0,399,21844.0,22009.0,23500.0,19944.0,409,24100,22626,363,23160.0,22765.0,19331.0,20439.0,22600.0,446,100000.0,2023-02-13
24060,419,22134,25635,25837,22050.0,390,21703.0,22716.0,24300.0,20331.0,400,24184,23297,354,24038.0,23414.0,21256.0,21181.0,22550.0,443,102000.0,2023-02-20
24275,440,22039,26010,25814,22050.0,411,21665.0,22608.0,23750.0,20417.0,422,24047,23404,375,24193.0,24014.0,21599.0,21552.0,22400.0,443,102000.0,2023-02-27
25347,452,22056,26555,25821,23500.0,422,22054.0,22618.0,24250.0,21555.0,430,24055,24078,387,24310.0,24005.0,22101.0,21794.0,22450.0,448,100000.0,2023-03-06
25313,458,23004,27052,26750,23900.0,426,22832.0,23093.0,24500.0,21921.0,434,25021,24550,393,24926.0,24573.0,22392.0,22434.0,23350.0,453,100000.0,2023-03-13
